


50 2500 1000
1 1 335 468 1
1 2 725 170 4
1 3 963 359 6
1 4 146 706 0
1 5 962 828 1
1 6 943 996 3
1 7 392 437 3
1 8 154 903 4
1 9 422 383 4
1 10 896 719 4
1 11 772 727 7
1 12 913 870 2
1 13 36 300 3
1 14 812 704 6
1 15 674 334 2
1 16 712 142 0
1 17 548 869 5
1 18 758 663 4
1 19 724 860 5
1 20 779 530 5
1 21 191 36 4
1 22 107 289 2
1 23 265 943 0
1 24 806 447 0
1 25 371 730 2
1 26 102 7 6
1 27 630 549 1
1 28 955 85 7
1 29 967 841 4
1 30 309 932 0
1 31 627 440 0
1 32 539 538 3
1 33 930 83 6
1 34 116 834 5
1 35 705 659 7
1 36 307 978 2
1 37 22 387 1
1 38 73 925 1
1 39 778 830 6
1 40 513 98 5
1 41 162 291 2
1 42 768 356 4
1 43 32 575 7
1 44 151 351 4
1 45 967 725 5
1 46 192 108 6
1 47 458 338 7
1 48 384 754 7
1 49 210 910 1
1 50 589 222 6
2 1 507 947 6
2 2 169 414 6
2 3 763 592 4
2 4 360 411 7
2 5 549 538 0
2 6 42 596 3
2 7 292 351 2
2 8 21 375 4
2 9 349 22 4
2 10 485 669 7
2 11 54 735 1
2 12 939 419 7
2 13 128 789 4
2 14 894 729 3
2 15 808 484 0
2 16 618 311 5
2 17 310 515 5
2 18 452 936 0
2 19 520 250 0
2 20 304 799 4
2 21 845 9 0
2 22 703 990 1
2 23 94 486 3
2 24 588 524 7
2 25 449 504 2
2 26 619 459 0
2 27 799 797 4
2 28 799 590 1
2 29 473 158 1
2 30 293 539 6
2 31 191 180 6
2 32 192 959 1
2 33 157 889 7
2 34 635 203 7
2 35 329 56 0
2 36 887 363 6
2 37 870 434 3
2 38 417 845 6
2 39 323 999 1
2 40 700 22 3
2 41 893 477 5
2 42 713 76 5
2 43 4 511 0
2 44 689 862 5
2 45 256 790 1
2 46 586 3 7
2 47 89 286 6
2 48 758 618 2
2 49 170 933 0
2 50 190 722 2
3 1 369 330 0
3 2 556 426 4
3 3 442 550 2
3 4 61 146 0
3 5 140 754 6
3 6 997 280 7
3 7 550 530 7
3 8 950 867 5
3 9 298 196 1
3 10 106 287 0
3 11 456 283 0
3 12 702 115 6
3 13 787 672 4
3 14 356 314 7
3 15 913 54 1
3 16 946 833 0
3 17 322 757 1
3 18 983 647 6
3 19 197 145 1
3 20 162 130 6
3 21 174 451 7
3 22 660 45 2
3 23 254 440 4
3 24 511 155 0
3 25 187 650 1
3 26 23 475 1
3 27 788 19 0
3 28 392 959 1
3 29 478 626 2
3 30 825 315 6
3 31 373 875 6
3 32 71 834 7
3 33 519 298 7
3 34 271 774 1
3 35 193 669 3
3 36 481 103 1
3 37 803 628 5
3 38 626 528 3
3 39 24 925 7
3 40 182 62 4
3 41 506 433 3
3 42 32 726 1
3 43 223 143 4
3 44 901 65 6
3 45 414 361 3
3 46 171 271 6
3 47 712 834 3
3 48 668 897 0
3 49 141 551 5
3 50 625 696 6
4 1 577 126 3
4 2 303 659 6
4 3 679 467 3
4 4 485 852 1
4 5 120 465 2
4 6 88 801 0
4 7 11 927 4
4 8 316 171 5
4 9 44 228 0
4 10 110 165 6
4 11 566 87 2
4 12 475 578 7
4 13 630 628 1
4 14 521 424 0
4 15 124 963 6
4 16 262 738 4
4 17 265 526 3
4 18 117 203 4
4 19 12 327 6
4 20 548 412 3
4 21 791 521 1
4 22 764 189 4
4 23 663 852 4
4 24 714 901 5
4 25 366 579 6
4 26 201 478 7
4 27 304 440 2
4 28 325 358 0
4 29 114 109 5
4 30 851 802 7
4 31 994 429 4
4 32 541 406 0
4 33 836 705 7
4 34 351 73 4
4 35 557 486 7
4 36 358 627 0
4 37 338 358 6
4 38 362 870 7
4 39 618 23 0
4 40 697 718 0
4 41 424 42 1
4 42 566 230 1
4 43 297 933 7
4 44 963 54 7
4 45 655 735 0
4 46 370 458 4
4 47 608 964 4
4 48 636 912 3
4 49 676 849 3
4 50 143 224 2
5 1 742 512 2
5 2 826 460 7
5 3 627 871 5
5 4 784 206 6
5 5 280 399 2
5 6 735 194 5
5 7 557 535 5
5 8 706 177 1
5 9 882 549 2
5 10 642 414 4
5 11 143 856 7
5 12 878 612 6
5 13 753 679 0
5 14 674 297 3
5 15 876 314 0
5 16 611 819 0
5 17 113 933 1
5 18 832 170 7
5 19 686 489 0
5 20 590 498 2
5 21 354 146 6
5 22 741 652 2
5 23 336 259 4
5 24 606 193 7
5 25 504 182 0
5 26 609 776 5
5 27 550 998 4
5 28 628 562 4
5 29 130 542 3
5 30 175 814 0
5 31 216 78 1
5 32 993 214 3
5 33 393 602 0
5 34 429 671 7
5 35 76 85 3
5 36 971 499 2
5 37 605 848 7
5 38 664 222 7
5 39 11 364 2
5 40 241 490 3
5 41 620 543 4
5 42 705 592 1
5 43 751 233 2
5 44 540 976 5
5 45 99 423 7
5 46 649 585 7
5 47 914 865 3
5 48 713 546 3
5 49 770 679 2
5 50 986 520 6
6 1 866 945 1
6 2 509 246 4
6 3 602 871 6
6 4 473 133 3
6 5 571 88 0
6 6 104 902 3
6 7 601 528 7
6 8 566 16 1
6 9 348 544 4
6 10 638 944 0
6 11 50 464 1
6 12 343 589 1
6 13 222 61 0
6 14 889 955 6
6 15 950 691 2
6 16 621 431 3
6 17 537 68 4
6 18 227 36 7
6 19 854 39 1
6 20 749 225 5
6 21 258 360 3
6 22 956 945 6
6 23 412 727 6
6 24 2 356 1
6 25 585 497 5
6 26 343 965 3
6 27 143 914 3
6 28 73 949 4
6 29 174 607 2
6 30 706 405 5
6 31 376 813 2
6 32 37 566 5
6 33 815 142 0
6 34 653 257 2
6 35 483 839 0
6 36 132 16 3
6 37 626 842 6
6 38 187 638 3
6 39 663 651 2
6 40 354 894 2
6 41 9 453 0
6 42 455 234 6
6 43 304 635 7
6 44 125 149 0
6 45 110 214 5
6 46 81 201 4
6 47 51 859 6
6 48 265 362 3
6 49 644 677 7
6 50 562 903 5
7 1 283 949 1
7 2 221 675 5
7 3 832 924 2
7 4 260 879 1
7 5 972 620 0
7 6 782 946 3
7 7 686 393 0
7 8 590 699 1
7 9 38 939 2
7 10 235 462 2
7 11 960 962 4
7 12 270 516 5
7 13 59 870 1
7 14 265 972 4
7 15 556 216 5
7 16 40 331 7
7 17 83 289 4
7 18 711 86 2
7 19 381 775 4
7 20 542 952 7
7 21 111 680 3
7 22 789 74 2
7 23 957 133 1
7 24 9 114 1
7 25 724 791 5
7 26 185 29 3
7 27 72 201 2
7 28 72 975 5
7 29 154 868 5
7 30 826 169 7
7 31 651 630 4
7 32 694 310 6
7 33 117 81 6
7 34 529 668 1
7 35 422 865 7
7 36 817 827 5
7 37 667 727 4
7 38 965 682 7
7 39 22 687 4
7 40 65 722 6
7 41 903 416 5
7 42 942 125 1
7 43 424 763 1
7 44 269 807 3
7 45 908 603 6
7 46 13 482 3
7 47 115 631 0
7 48 557 85 1
7 49 997 294 2
7 50 346 55 0
8 1 492 249 4
8 2 115 132 0
8 3 723 959 7
8 4 53 996 0
8 5 239 480 5
8 6 867 919 7
8 7 487 499 3
8 8 634 463 4
8 9 147 23 6
8 10 926 38 0
8 11 603 459 7
8 12 831 99 7
8 13 279 601 4
8 14 449 353 7
8 15 316 541 2
8 16 568 763 7
8 17 419 398 0
8 18 852 829 1
8 19 450 231 0
8 20 230 659 5
8 21 561 941 0
8 22 656 163 3
8 23 362 793 3
8 24 147 399 2
8 25 189 947 2
8 26 664 639 1
8 27 522 516 3
8 28 529 616 3
8 29 906 571 2
8 30 963 558 0
8 31 550 525 1
8 32 924 331 5
8 33 926 334 6
8 34 337 738 6
8 35 394 279 1
8 36 165 715 4
8 37 136 950 7
8 38 5 338 1
8 39 665 624 1
8 40 569 609 2
8 41 153 86 1
8 42 195 653 5
8 43 397 827 4
8 44 641 250 4
8 45 944 820 6
8 46 290 942 3
8 47 806 566 3
8 48 451 217 1
8 49 65 610 7
8 50 75 894 6
9 1 696 301 5
9 2 162 590 5
9 3 359 969 4
9 4 427 269 7
9 5 775 423 6
9 6 553 911 3
9 7 496 392 6
9 8 365 875 4
9 9 461 256 6
9 10 822 973 2
9 11 578 548 2
9 12 196 606 5
9 13 344 951 2
9 14 13 482 2
9 15 429 440 0
9 16 968 763 0
9 17 909 416 0
9 18 435 760 7
9 19 320 487 4
9 20 807 946 6
9 21 368 701 6
9 22 533 788 4
9 23 448 975 4
9 24 223 284 5
9 25 584 377 3
9 26 983 724 4
9 27 221 777 2
9 28 857 183 7
9 29 325 926 2
9 30 970 678 6
9 31 678 535 3
9 32 992 69 4
9 33 829 784 4
9 34 872 427 7
9 35 704 613 1
9 36 546 409 3
9 37 239 186 4
9 38 314 444 5
9 39 129 851 5
9 40 150 651 7
9 41 870 455 0
9 42 268 466 1
9 43 635 794 1
9 44 831 973 0
9 45 178 443 5
9 46 703 771 5
9 47 591 382 4
9 48 24 238 7
9 49 170 596 3
9 50 311 43 7
10 1 927 59 6
10 2 529 671 7
10 3 214 259 3
10 4 287 784 4
10 5 473 611 6
10 6 842 435 0
10 7 868 504 6
10 8 882 939 1
10 9 615 751 1
10 10 662 459 6
10 11 808 757 7
10 12 436 490 6
10 13 587 76 5
10 14 361 834 2
10 15 929 49 2
10 16 841 434 4
10 17 811 736 6
10 18 893 838 7
10 19 353 329 6
10 20 795 245 1
10 21 648 253 0
10 22 209 536 0
10 23 244 498 0
10 24 842 16 1
10 25 813 101 5
10 26 852 524 0
10 27 892 634 2
10 28 991 855 0
10 29 781 920 1
10 30 545 932 2
10 31 900 488 4
10 32 539 484 5
10 33 253 194 4
10 34 835 561 3
10 35 786 498 0
10 36 806 541 1
10 37 211 393 7
10 38 980 579 5
10 39 74 278 3
10 40 498 621 1
10 41 791 277 2
10 42 160 579 6
10 43 160 490 2
10 44 73 925 1
10 45 968 9 4
10 46 504 478 0
10 47 197 608 2
10 48 612 723 2
10 49 57 762 3
10 50 684 164 2
11 1 453 933 4
11 2 814 955 5
11 3 461 397 6
11 4 600 905 7
11 5 199 681 0
11 6 585 388 0
11 7 7 518 0
11 8 883 242 6
11 9 759 524 1
11 10 96 622 1
11 11 679 917 0
11 12 59 580 2
11 13 8 751 1
11 14 996 82 1
11 15 754 677 6
11 16 566 785 3
11 17 173 609 5
11 18 515 930 3
11 19 192 56 0
11 20 749 923 5
11 21 145 987 3
11 22 518 578 6
11 23 875 917 5
11 24 913 470 7
11 25 92 694 2
11 26 858 950 7
11 27 237 53 0
11 28 227 488 7
11 29 184 956 2
11 30 98 181 2
11 31 514 66 1
11 32 79 579 5
11 33 612 141 6
11 34 171 446 3
11 35 751 490 7
11 36 866 334 5
11 37 8 283 6
11 38 368 897 0
11 39 811 883 2
11 40 188 232 1
11 41 322 480 1
11 42 448 352 2
11 43 277 647 0
11 44 423 190 7
11 45 456 487 2
11 46 861 615 4
11 47 349 778 5
11 48 432 862 7
11 49 198 456 2
11 50 822 753 2
12 1 22 282 0
12 2 125 948 7
12 3 377 136 6
12 4 999 860 6
12 5 923 254 2
12 6 889 644 3
12 7 748 233 1
12 8 679 927 0
12 9 962 802 2
12 10 364 856 7
12 11 562 574 4
12 12 275 474 5
12 13 182 354 6
12 14 111 700 7
12 15 173 466 3
12 16 113 982 1
12 17 248 382 4
12 18 806 672 2
12 19 990 33 4
12 20 432 166 0
12 21 207 294 2
12 22 207 949 2
12 23 397 167 3
12 24 695 21 1
12 25 110 789 1
12 26 979 970 0
12 27 627 16 1
12 28 907 169 4
12 29 119 98 0
12 30 786 200 6
12 31 421 200 6
12 32 814 272 6
12 33 319 86 7
12 34 268 332 4
12 35 187 445 3
12 36 828 361 3
12 37 153 432 2
12 38 694 269 7
12 39 312 338 5
12 40 407 678 4
12 41 414 23 0
12 42 538 543 0
12 43 356 389 6
12 44 182 648 1
12 45 988 585 5
12 46 218 494 1
12 47 448 483 5
12 48 105 754 1
12 49 526 96 4
12 50 782 965 5
13 1 657 107 0
13 2 81 594 7
13 3 412 869 0
13 4 252 969 1
13 5 769 80 0
13 6 934 532 0
13 7 260 664 3
13 8 96 937 5
13 9 721 875 5
13 10 977 681 3
13 11 72 726 7
13 12 157 560 0
13 13 906 833 2
13 14 563 376 0
13 15 81 963 5
13 16 203 798 4
13 17 341 81 4
13 18 494 59 4
13 19 475 547 4
13 20 881 98 5
13 21 401 73 7
13 22 667 956 3
13 23 482 589 5
13 24 397 316 0
13 25 13 10 1
13 26 763 456 0
13 27 22 743 3
13 28 249 513 2
13 29 718 369 2
13 30 291 651 2
13 31 170 760 7
13 32 641 304 7
13 33 106 200 3
13 34 682 662 7
13 35 34 754 4
13 36 43 988 5
13 37 421 84 5
13 38 245 719 6
13 39 653 230 7
13 40 471 770 0
13 41 595 48 5
13 42 277 327 7
13 43 680 541 3
13 44 711 589 6
13 45 222 946 7
13 46 590 184 6
13 47 780 979 3
13 48 136 263 6
13 49 34 197 7
13 50 780 936 0
14 1 963 791 1
14 2 106 2 5
14 3 670 568 7
14 4 458 672 6
14 5 598 546 6
14 6 845 839 2
14 7 29 564 4
14 8 724 802 0
14 9 602 605 2
14 10 693 198 3
14 11 302 364 3
14 12 566 722 3
14 13 611 446 5
14 14 23 742 7
14 15 16 152 4
14 16 739 394 7
14 17 609 883 7
14 18 708 823 6
14 19 145 339 5
14 20 155 340 2
14 21 226 624 4
14 22 982 725 6
14 23 224 734 2
14 24 847 131 2
14 25 806 446 3
14 26 490 751 0
14 27 136 964 2
14 28 631 210 1
14 29 738 909 0
14 30 373 921 2
14 31 735 856 5
14 32 607 57 1
14 33 383 76 0
14 34 433 742 7
14 35 280 780 4
14 36 837 668 3
14 37 738 119 5
14 38 578 120 4
14 39 557 92 1
14 40 902 61 3
14 41 137 433 1
14 42 908 876 4
14 43 720 75 0
14 44 42 477 6
14 45 291 330 7
14 46 592 73 6
14 47 491 788 5
14 48 54 894 7
14 49 904 682 7
14 50 480 177 5
15 1 469 140 7
15 2 640 84 6
15 3 994 622 3
15 4 839 723 2
15 5 400 582 4
15 6 24 892 2
15 7 244 835 7
15 8 708 703 5
15 9 688 142 6
15 10 638 892 2
15 11 817 401 5
15 12 936 163 2
15 13 878 411 6
15 14 190 261 6
15 15 664 875 1
15 16 567 196 2
15 17 589 39 0
15 18 468 246 3
15 19 190 868 1
15 20 548 64 6
15 21 100 618 6
15 22 204 227 7
15 23 571 52 0
15 24 968 459 4
15 25 532 406 0
15 26 976 820 2
15 27 496 532 4
15 28 804 592 4
15 29 451 916 4
15 30 792 273 7
15 31 776 134 7
15 32 301 570 2
15 33 586 79 2
15 34 894 334 1
15 35 751 104 2
15 36 272 723 1
15 37 339 991 3
15 38 48 259 1
15 39 480 659 0
15 40 991 684 6
15 41 423 569 2
15 42 9 136 7
15 43 195 743 1
15 44 179 189 3
15 45 942 358 2
15 46 346 470 7
15 47 965 914 4
15 48 386 62 6
15 49 463 505 1
15 50 70 103 7
16 1 553 530 2
16 2 731 150 2
16 3 50 845 4
16 4 364 66 6
16 5 471 774 0
16 6 512 748 3
16 7 499 399 5
16 8 680 353 7
16 9 523 44 5
16 10 835 564 0
16 11 241 23 2
16 12 652 493 7
16 13 617 478 4
16 14 221 179 4
16 15 799 349 7
16 16 858 636 3
16 17 903 663 3
16 18 771 421 6
16 19 842 274 6
16 20 918 889 6
16 21 699 893 5
16 22 66 750 3
16 23 620 933 5
16 24 131 4 1
16 25 590 632 4
16 26 173 631 0
16 27 296 408 0
16 28 491 682 4
16 29 72 178 2
16 30 644 460 4
16 31 38 634 0
16 32 275 631 5
16 33 204 783 1
16 34 663 291 5
16 35 152 998 3
16 36 718 891 7
16 37 567 704 0
16 38 660 662 3
16 39 652 387 5
16 40 841 602 5
16 41 284 498 1
16 42 422 59 2
16 43 788 582 7
16 44 1000 288 7
16 45 139 980 0
16 46 462 531 4
16 47 541 206 6
16 48 623 460 4
16 49 99 761 6
16 50 615 482 7
17 1 597 494 7
17 2 539 747 1
17 3 477 539 6
17 4 372 918 3
17 5 759 753 0
17 6 66 256 1
17 7 35 402 6
17 8 549 394 7
17 9 194 793 1
17 10 104 138 5
17 11 695 212 2
17 12 499 628 4
17 13 880 249 5
17 14 932 150 7
17 15 599 876 5
17 16 600 437 1
17 17 732 444 3
17 18 435 862 2
17 19 817 968 1
17 20 867 705 1
17 21 224 309 1
17 22 668 793 4
17 23 931 470 0
17 24 91 815 3
17 25 605 744 3
17 26 196 475 7
17 27 590 159 2
17 28 890 810 2
17 29 819 41 7
17 30 27 976 4
17 31 67 504 1
17 32 571 841 4
17 33 642 396 4
17 34 110 652 2
17 35 86 84 3
17 36 687 251 6
17 37 129 382 3
17 38 863 278 6
17 39 873 566 0
17 40 429 886 0
17 41 479 890 6
17 42 266 926 3
17 43 779 46 4
17 44 521 856 5
17 45 135 774 7
17 46 337 676 3
17 47 738 2 6
17 48 591 975 6
17 49 81 72 4
17 50 283 146 7
18 1 574 719 1
18 2 999 38 0
18 3 718 163 1
18 4 48 540 4
18 5 232 104 2
18 6 859 840 3
18 7 395 646 5
18 8 273 646 7
18 9 73 863 3
18 10 239 481 5
18 11 609 543 1
18 12 126 278 3
18 13 79 402 6
18 14 737 170 6
18 15 139 940 6
18 16 664 427 1
18 17 725 576 5
18 18 962 701 5
18 19 449 3 6
18 20 17 685 7
18 21 994 508 1
18 22 260 945 4
18 23 644 59 5
18 24 120 678 4
18 25 892 42 1
18 26 916 624 0
18 27 842 930 0
18 28 537 616 3
18 29 701 760 5
18 30 242 94 4
18 31 228 449 5
18 32 325 225 6
18 33 886 134 2
18 34 863 171 6
18 35 910 85 5
18 36 86 924 6
18 37 194 25 0
18 38 766 413 1
18 39 678 408 7
18 40 791 705 0
18 41 622 892 2
18 42 191 735 5
18 43 87 999 6
18 44 425 622 2
18 45 255 377 5
18 46 928 109 5
18 47 367 69 5
18 48 601 439 6
18 49 291 319 3
18 50 557 340 0
19 1 479 633 0
19 2 240 788 6
19 3 828 21 2
19 4 442 989 2
19 5 3 643 6
19 6 947 105 1
19 7 834 510 0
19 8 534 762 4
19 9 386 805 6
19 10 261 843 6
19 11 344 621 1
19 12 114 188 2
19 13 935 592 7
19 14 762 657 7
19 15 960 412 4
19 16 371 739 3
19 17 8 508 4
19 18 102 952 0
19 19 442 959 1
19 20 413 14 6
19 21 94 61 7
19 22 677 403 0
19 23 267 374 7
19 24 529 276 3
19 25 470 762 4
19 26 108 730 7
19 27 954 452 4
19 28 520 571 0
19 29 495 408 0
19 30 384 441 1
19 31 608 410 6
19 32 472 361 6
19 33 948 655 3
19 34 230 524 2
19 35 888 767 1
19 36 471 633 4
19 37 523 667 3
19 38 554 161 3
19 39 260 92 1
19 40 630 688 2
19 41 46 318 2
19 42 453 389 4
19 43 834 467 2
19 44 632 920 0
19 45 777 268 2
19 46 321 315 2
19 47 470 8 5
19 48 843 723 0
19 49 261 464 7
19 50 631 794 3
20 1 377 44 5
20 2 118 627 2
20 3 172 621 6
20 4 155 965 0
20 5 665 694 2
20 6 213 1 7
20 7 477 552 4
20 8 878 944 3
20 9 386 362 5
20 10 145 435 0
20 11 505 564 1
20 12 309 889 2
20 13 124 431 5
20 14 347 75 0
20 15 319 982 5
20 16 592 293 3
20 17 462 124 0
20 18 331 462 7
20 19 292 370 2
20 20 118 180 0
20 21 596 915 5
20 22 868 937 1
20 23 910 454 4
20 24 504 982 5
20 25 884 817 1
20 26 403 386 7
20 27 682 158 6
20 28 867 311 7
20 29 478 172 7
20 30 239 765 5
20 31 116 48 7
20 32 658 312 0
20 33 172 54 5
20 34 531 741 4
20 35 791 321 3
20 36 587 999 1
20 37 632 490 4
20 38 611 389 0
20 39 260 920 6
20 40 120 610 7
20 41 301 717 7
20 42 459 854 4
20 43 807 594 6
20 44 273 855 1
20 45 55 295 0
20 46 230 147 5
20 47 560 429 7
20 48 689 422 1
20 49 686 34 6
20 50 262 330 6
21 1 983 209 4
21 2 879 507 2
21 3 888 898 3
21 4 784 470 2
21 5 267 796 4
21 6 558 510 1
21 7 54 135 5
21 8 594 259 7
21 9 467 694 3
21 10 95 141 7
21 11 513 175 1
21 12 696 552 1
21 13 293 493 1
21 14 614 531 5
21 15 390 711 0
21 16 787 810 4
21 17 183 841 0
21 18 394 121 1
21 19 215 963 4
21 20 195 808 7
21 21 12 714 1
21 22 665 694 1
21 23 763 996 3
21 24 910 947 5
21 25 625 769 0
21 26 236 955 7
21 27 241 634 7
21 28 578 128 6
21 29 143 341 1
21 30 559 401 4
21 31 936 155 4
21 32 296 832 6
21 33 923 624 1
21 34 212 30 7
21 35 881 755 3
21 36 322 294 5
21 37 444 529 1
21 38 672 556 0
21 39 376 453 6
21 40 935 641 7
21 41 835 987 0
21 42 766 540 0
21 43 263 313 4
21 44 988 732 4
21 45 249 558 0
21 46 451 171 4
21 47 294 302 6
21 48 45 333 3
21 49 5 76 3
21 50 67 27 2
22 1 624 802 2
22 2 381 442 3
22 3 660 919 7
22 4 330 629 3
22 5 614 855 0
22 6 667 570 3
22 7 838 578 7
22 8 293 116 2
22 9 449 873 3
22 10 949 154 3
22 11 509 198 3
22 12 994 412 4
22 13 203 782 1
22 14 257 829 2
22 15 24 966 1
22 16 254 716 1
22 17 479 685 5
22 18 834 841 1
22 19 969 901 5
22 20 886 634 2
22 21 33 282 4
22 22 873 911 0
22 23 307 902 6
22 24 472 861 3
22 25 344 138 7
22 26 996 234 0
22 27 943 604 3
22 28 35 880 3
22 29 531 594 0
22 30 259 235 1
22 31 192 907 6
22 32 228 189 3
22 33 225 485 7
22 34 225 436 5
22 35 868 583 6
22 36 147 6 3
22 37 541 590 6
22 38 760 851 5
22 39 678 957 2
22 40 301 43 3
22 41 144 226 3
22 42 616 17 3
22 43 369 7 4
22 44 699 336 1
22 45 24 314 5
22 46 458 619 0
22 47 87 340 4
22 48 44 847 6
22 49 281 912 2
22 50 848 359 7
23 1 874 991 6
23 2 455 414 7
23 3 451 473 0
23 4 647 642 1
23 5 825 214 5
23 6 404 696 1
23 7 68 994 2
23 8 80 641 3
23 9 535 126 1
23 10 908 1 4
23 11 294 693 5
23 12 404 718 5
23 13 640 894 7
23 14 29 926 3
23 15 851 749 2
23 16 655 445 4
23 17 37 354 7
23 18 827 347 3
23 19 239 905 5
23 20 406 887 3
23 21 729 57 3
23 22 20 752 3
23 23 718 167 7
23 24 188 94 6
23 25 868 913 5
23 26 898 445 3
23 27 943 329 1
23 28 769 769 0
23 29 263 297 1
23 30 919 245 0
23 31 585 220 1
23 32 460 985 6
23 33 696 15 5
23 34 852 33 7
23 35 364 815 1
23 36 291 220 3
23 37 919 684 5
23 38 587 253 0
23 39 138 249 5
23 40 169 425 5
23 41 994 149 3
23 42 670 272 6
23 43 15 878 5
23 44 944 485 0
23 45 294 812 7
23 46 991 799 4
23 47 494 891 3
23 48 775 550 2
23 49 70 174 2
23 50 834 866 2
24 1 253 912 6
24 2 150 509 7
24 3 232 246 0
24 4 272 107 0
24 5 259 422 0
24 6 983 648 5
24 7 724 123 6
24 8 190 707 2
24 9 352 346 4
24 10 551 119 3
24 11 592 837 1
24 12 814 511 6
24 13 845 881 3
24 14 246 742 7
24 15 706 950 2
24 16 228 786 2
24 17 357 205 0
24 18 556 228 5
24 19 469 287 6
24 20 412 980 2
24 21 491 759 1
24 22 133 411 7
24 23 951 297 1
24 24 530 123 0
24 25 278 837 0
24 26 671 977 1
24 27 752 653 5
24 28 2 752 5
24 29 73 694 3
24 30 329 717 4
24 31 839 126 7
24 32 545 940 0
24 33 903 827 0
24 34 22 589 6
24 35 778 109 2
24 36 948 980 4
24 37 246 281 5
24 38 427 63 0
24 39 92 678 7
24 40 232 786 7
24 41 955 685 6
24 42 957 710 1
24 43 466 946 5
24 44 498 861 0
24 45 678 191 7
24 46 887 6 1
24 47 144 676 4
24 48 488 131 1
24 49 254 483 3
24 50 290 755 0
25 1 9 216 0
25 2 800 941 6
25 3 455 708 5
25 4 486 238 0
25 5 614 793 3
25 6 984 683 4
25 7 138 130 7
25 8 865 601 1
25 9 969 858 3
25 10 709 969 6
25 11 438 733 1
25 12 702 500 4
25 13 257 584 5
25 14 88 641 4
25 15 821 811 4
25 16 616 664 3
25 17 775 678 1
25 18 534 554 6
25 19 625 287 6
25 20 350 76 6
25 21 625 985 0
25 22 823 505 0
25 23 463 914 7
25 24 161 85 1
25 25 398 54 2
25 26 338 751 6
25 27 932 7 5
25 28 237 506 5
25 29 291 600 5
25 30 448 986 2
25 31 726 593 4
25 32 829 856 4
25 33 429 343 2
25 34 38 743 3
25 35 54 768 2
25 36 147 506 1
25 37 855 925 1
25 38 207 240 1
25 39 500 493 1
25 40 62 37 7
25 41 14 619 7
25 42 897 713 7
25 43 131 842 5
25 44 916 35 2
25 45 667 524 6
25 46 38 737 0
25 47 950 894 0
25 48 778 845 3
25 49 591 201 5
25 50 119 326 5
26 1 730 7 4
26 2 226 542 0
26 3 717 981 0
26 4 748 385 6
26 5 205 937 0
26 6 365 524 4
26 7 251 41 3
26 8 767 484 0
26 9 846 671 5
26 10 257 89 2
26 11 858 267 3
26 12 675 200 6
26 13 991 192 3
26 14 997 859 0
26 15 968 291 5
26 16 247 235 3
26 17 240 403 6
26 18 907 96 2
26 19 587 351 2
26 20 823 777 7
26 21 813 302 7
26 22 358 165 4
26 23 313 39 2
26 24 181 562 0
26 25 857 644 0
26 26 940 648 5
26 27 453 291 0
26 28 420 619 3
26 29 548 285 7
26 30 614 676 1
26 31 643 372 5
26 32 622 337 3
26 33 130 35 5
26 34 470 437 6
26 35 799 505 1
26 36 239 106 2
26 37 517 66 0
26 38 24 580 1
26 39 314 772 7
26 40 817 141 6
26 41 590 320 0
26 42 852 260 1
26 43 365 284 7
26 44 185 13 6
26 45 575 502 7
26 46 715 60 5
26 47 523 596 1
26 48 378 417 5
26 49 892 566 4
26 50 968 311 2
27 1 225 788 7
27 2 442 440 6
27 3 835 805 0
27 4 873 442 0
27 5 177 975 4
27 6 242 634 1
27 7 16 19 1
27 8 847 253 6
27 9 967 525 4
27 10 241 145 5
27 11 877 297 6
27 12 19 206 3
27 13 466 642 3
27 14 260 472 7
27 15 17 218 4
27 16 65 625 7
27 17 503 158 1
27 18 47 276 2
27 19 47 790 0
27 20 153 4 1
27 21 154 327 5
27 22 351 650 0
27 23 26 347 5
27 24 796 337 2
27 25 533 324 1
27 26 211 897 0
27 27 551 693 0
27 28 853 796 2
27 29 37 316 6
27 30 985 761 1
27 31 51 535 1
27 32 937 807 2
27 33 618 791 0
27 34 117 67 6
27 35 102 426 4
27 36 983 451 2
27 37 39 194 5
27 38 896 594 2
27 39 168 639 0
27 40 884 346 4
27 41 834 697 1
27 42 190 633 6
27 43 818 184 7
27 44 680 754 1
27 45 253 601 5
27 46 152 862 1
27 47 814 964 6
27 48 477 555 3
27 49 430 212 1
27 50 532 967 0
28 1 523 699 6
28 2 258 588 3
28 3 763 465 6
28 4 66 947 6
28 5 947 166 4
28 6 43 298 4
28 7 585 195 0
28 8 201 716 6
28 9 303 107 6
28 10 612 834 0
28 11 646 416 3
28 12 449 355 7
28 13 989 80 7
28 14 598 593 1
28 15 653 510 5
28 16 123 659 7
28 17 1000 998 3
28 18 321 121 3
28 19 913 985 4
28 20 486 954 3
28 21 568 200 5
28 22 170 845 0
28 23 109 880 1
28 24 707 260 7
28 25 27 76 1
28 26 775 608 4
28 27 547 129 4
28 28 715 482 1
28 29 339 169 5
28 30 505 794 3
28 31 218 698 1
28 32 344 642 3
28 33 680 98 5
28 34 634 556 0
28 35 253 931 2
28 36 489 280 0
28 37 73 755 6
28 38 416 702 0
28 39 481 232 6
28 40 515 261 7
28 41 991 658 2
28 42 448 982 6
28 43 71 619 2
28 44 220 62 7
28 45 834 991 5
28 46 303 564 0
28 47 722 929 6
28 48 946 448 2
28 49 687 223 6
28 50 845 578 2
29 1 241 548 3
29 2 724 465 5
29 3 169 654 1
29 4 467 256 2
29 5 657 513 2
29 6 143 202 6
29 7 703 507 4
29 8 271 24 4
29 9 476 251 0
29 10 196 851 7
29 11 102 521 0
29 12 893 799 7
29 13 246 785 0
29 14 344 463 3
29 15 872 860 2
29 16 833 173 0
29 17 89 684 1
29 18 517 977 7
29 19 284 40 2
29 20 147 998 5
29 21 918 676 1
29 22 31 21 3
29 23 390 736 2
29 24 74 481 5
29 25 382 787 1
29 26 346 523 1
29 27 714 86 3
29 28 884 736 7
29 29 649 97 2
29 30 522 753 5
29 31 637 983 4
29 32 237 920 0
29 33 279 66 0
29 34 387 497 6
29 35 548 977 3
29 36 246 203 1
29 37 540 565 6
29 38 371 258 4
29 39 360 655 0
29 40 392 299 0
29 41 592 511 0
29 42 676 34 3
29 43 776 500 0
29 44 257 377 6
29 45 87 704 0
29 46 543 516 7
29 47 457 567 7
29 48 199 438 2
29 49 86 365 2
29 50 341 909 1
30 1 155 815 0
30 2 339 753 4
30 3 631 526 2
30 4 80 180 1
30 5 518 839 1
30 6 992 146 5
30 7 309 840 1
30 8 474 763 5
30 9 148 971 1
30 10 509 709 5
30 11 67 430 3
30 12 772 664 1
30 13 632 260 5
30 14 967 515 4
30 15 169 171 4
30 16 851 656 7
30 17 279 937 4
30 18 314 428 6
30 19 328 372 3
30 20 174 462 1
30 21 588 103 6
30 22 154 464 1
30 23 496 596 6
30 24 371 407 5
30 25 497 306 3
30 26 853 224 1
30 27 127 520 7
30 28 466 586 1
30 29 108 445 3
30 30 100 88 7
30 31 716 597 7
30 32 754 493 0
30 33 960 591 1
30 34 810 887 5
30 35 20 687 1
30 36 436 314 3
30 37 469 102 4
30 38 732 457 5
30 39 396 75 2
30 40 317 275 3
30 41 586 512 0
30 42 58 972 2
30 43 39 175 7
30 44 296 659 7
30 45 232 984 2
30 46 301 233 7
30 47 409 481 6
30 48 859 703 1
30 49 562 558 2
30 50 657 29 0
31 1 93 333 1
31 2 321 468 6
31 3 988 75 6
31 4 365 984 6
31 5 747 715 0
31 6 256 426 6
31 7 793 468 3
31 8 881 620 7
31 9 949 129 6
31 10 92 80 0
31 11 809 588 6
31 12 160 826 6
31 13 36 221 6
31 14 148 457 2
31 15 361 135 4
31 16 479 209 7
31 17 525 590 6
31 18 91 695 0
31 19 420 373 5
31 20 845 703 5
31 21 610 540 3
31 22 187 638 3
31 23 170 828 0
31 24 515 900 7
31 25 437 645 7
31 26 677 379 5
31 27 847 953 2
31 28 989 916 1
31 29 383 289 0
31 30 916 334 2
31 31 63 657 0
31 32 130 525 0
31 33 873 985 2
31 34 27 397 1
31 35 776 203 6
31 36 553 666 0
31 37 418 756 7
31 38 444 555 4
31 39 423 1000 0
31 40 414 734 1
31 41 874 794 5
31 42 75 176 4
31 43 623 502 1
31 44 27 396 0
31 45 989 292 0
31 46 978 73 1
31 47 255 9 1
31 48 138 877 2
31 49 91 804 0
31 50 254 290 0
32 1 323 300 3
32 2 370 603 6
32 3 735 730 6
32 4 227 275 6
32 5 973 135 7
32 6 504 454 4
32 7 334 519 3
32 8 180 696 5
32 9 660 145 5
32 10 577 908 1
32 11 593 646 0
32 12 197 629 4
32 13 836 536 3
32 14 533 717 5
32 15 750 159 4
32 16 725 297 4
32 17 407 527 0
32 18 575 446 7
32 19 539 589 3
32 20 878 105 0
32 21 5 943 1
32 22 626 853 7
32 23 725 843 3
32 24 591 136 5
32 25 856 329 2
32 26 910 742 4
32 27 103 780 5
32 28 533 693 3
32 29 162 100 0
32 30 291 406 7
32 31 629 960 1
32 32 581 229 3
32 33 441 779 7
32 34 445 149 0
32 35 211 126 1
32 36 181 617 2
32 37 227 65 7
32 38 594 480 0
32 39 537 6 2
32 40 588 106 5
32 41 166 639 4
32 42 400 519 0
32 43 897 509 0
32 44 639 979 6
32 45 170 60 5
32 46 770 363 0
32 47 468 519 1
32 48 62 144 6
32 49 187 191 3
32 50 5 604 2
33 1 424 769 4
33 2 567 397 3
33 3 153 666 6
33 4 174 618 0
33 5 598 669 2
33 6 729 225 3
33 7 426 159 4
33 8 735 313 3
33 9 563 170 4
33 10 236 212 2
33 11 65 712 2
33 12 546 961 6
33 13 788 755 7
33 14 943 566 1
33 15 816 274 0
33 16 389 838 3
33 17 831 887 5
33 18 322 641 1
33 19 627 882 7
33 20 455 412 4
33 21 358 985 5
33 22 830 337 7
33 23 406 458 6
33 24 50 335 5
33 25 271 593 6
33 26 314 18 7
33 27 978 118 5
33 28 154 506 0
33 29 577 563 7
33 30 135 73 6
33 31 194 51 0
33 32 748 853 1
33 33 345 62 1
33 34 886 367 3
33 35 108 719 7
33 36 51 555 4
33 37 21 800 0
33 38 793 99 7
33 39 30 183 4
33 40 759 60 4
33 41 136 400 7
33 42 272 71 5
33 43 878 781 6
33 44 687 296 6
33 45 719 253 3
33 46 429 286 3
33 47 102 961 6
33 48 386 365 5
33 49 738 158 2
33 50 594 939 1
34 1 494 34 0
34 2 936 874 0
34 3 382 97 5
34 4 585 740 1
34 5 732 500 3
34 6 607 443 1
34 7 41 288 2
34 8 589 224 1
34 9 401 84 3
34 10 939 607 6
34 11 367 921 7
34 12 24 686 6
34 13 357 299 5
34 14 197 176 6
34 15 620 989 3
34 16 276 191 2
34 17 342 520 5
34 18 655 546 5
34 19 795 59 6
34 20 838 342 7
34 21 676 233 4
34 22 959 439 0
34 23 14 86 4
34 24 728 254 4
34 25 671 427 5
34 26 371 282 0
34 27 78 349 5
34 28 574 836 7
34 29 732 352 1
34 30 572 234 1
34 31 732 530 0
34 32 468 343 4
34 33 917 529 0
34 34 758 1000 2
34 35 624 582 0
34 36 750 132 5
34 37 576 300 3
34 38 246 364 3
34 39 425 202 6
34 40 736 390 3
34 41 746 896 0
34 42 718 484 2
34 43 325 753 0
34 44 256 741 5
34 45 844 71 4
34 46 766 757 6
34 47 459 981 2
34 48 9 125 6
34 49 718 668 7
34 50 100 591 0
35 1 991 871 4
35 2 65 1 4
35 3 683 85 3
35 4 869 107 7
35 5 437 827 4
35 6 989 593 6
35 7 213 866 6
35 8 660 447 3
35 9 257 772 4
35 10 667 58 6
35 11 146 671 2
35 12 875 149 5
35 13 430 44 6
35 14 17 764 0
35 15 302 935 2
35 16 816 656 5
35 17 140 583 6
35 18 901 25 2
35 19 377 338 7
35 20 865 425 4
35 21 526 696 1
35 22 789 852 5
35 23 707 745 2
35 24 491 72 3
35 25 980 820 4
35 26 808 159 3
35 27 439 375 5
35 28 433 821 4
35 29 958 223 6
35 30 956 272 1
35 31 30 626 5
35 32 528 40 0
35 33 649 491 2
35 34 193 518 6
35 35 149 619 2
35 36 283 991 0
35 37 302 440 7
35 38 270 928 5
35 39 432 34 1
35 40 27 136 0
35 41 617 81 2
35 42 908 718 1
35 43 167 246 0
35 44 783 783 1
35 45 871 492 6
35 46 144 196 7
35 47 593 772 3
35 48 413 218 7
35 49 722 468 1
35 50 829 323 0
36 1 425 430 6
36 2 152 154 3
36 3 265 42 2
36 4 145 721 7
36 5 214 78 4
36 6 203 659 2
36 7 59 250 1
36 8 639 91 7
36 9 702 396 7
36 10 124 559 5
36 11 27 42 7
36 12 821 210 2
36 13 532 44 7
36 14 101 903 2
36 15 10 776 7
36 16 623 795 6
36 17 16 891 0
36 18 783 755 4
36 19 856 189 5
36 20 924 946 0
36 21 488 660 6
36 22 585 348 7
36 23 789 669 5
36 24 480 281 6
36 25 861 814 3
36 26 272 847 7
36 27 143 345 6
36 28 354 637 0
36 29 824 889 5
36 30 191 252 1
36 31 363 47 7
36 32 79 625 7
36 33 782 104 1
36 34 49 351 1
36 35 217 495 2
36 36 39 727 1
36 37 353 673 3
36 38 668 422 6
36 39 330 466 0
36 40 390 83 3
36 41 736 420 2
36 42 633 667 4
36 43 4 823 5
36 44 142 897 1
36 45 873 433 6
36 46 314 771 1
36 47 121 646 5
36 48 971 129 2
36 49 5 597 5
36 50 211 800 2
37 1 236 553 5
37 2 831 345 7
37 3 396 262 6
37 4 84 667 7
37 5 373 759 6
37 6 15 907 7
37 7 906 285 4
37 8 342 22 4
37 9 526 291 7
37 10 983 168 3
37 11 794 388 7
37 12 269 680 2
37 13 630 885 2
37 14 106 461 7
37 15 825 993 7
37 16 61 17 6
37 17 310 760 1
37 18 301 68 3
37 19 141 257 1
37 20 808 656 0
37 21 761 492 1
37 22 220 837 6
37 23 726 680 6
37 24 702 810 7
37 25 808 325 7
37 26 284 302 5
37 27 165 489 1
37 28 535 125 3
37 29 998 852 2
37 30 68 512 4
37 31 380 841 1
37 32 662 29 3
37 33 161 228 0
37 34 238 667 3
37 35 405 849 0
37 36 222 566 0
37 37 242 176 5
37 38 363 148 2
37 39 455 677 2
37 40 785 722 2
37 41 117 467 0
37 42 430 181 0
37 43 390 630 1
37 44 102 5 3
37 45 988 921 0
37 46 583 53 0
37 47 473 367 0
37 48 180 959 1
37 49 824 988 7
37 50 595 97 5
38 1 521 654 5
38 2 21 473 7
38 3 825 954 4
38 4 666 58 1
38 5 168 281 4
38 6 869 691 6
38 7 480 829 6
38 8 450 704 0
38 9 911 4 1
38 10 611 28 0
38 11 394 283 7
38 12 962 864 3
38 13 252 600 5
38 14 559 82 6
38 15 239 359 7
38 16 458 465 2
38 17 923 222 4
38 18 261 868 4
38 19 235 344 2
38 20 353 20 1
38 21 812 412 6
38 22 882 406 1
38 23 899 761 3
38 24 695 843 7
38 25 501 536 4
38 26 324 156 3
38 27 940 689 2
38 28 933 18 2
38 29 496 211 4
38 30 190 649 3
38 31 696 852 3
38 32 650 638 7
38 33 135 408 0
38 34 813 178 4
38 35 497 305 1
38 36 552 538 2
38 37 566 733 3
38 38 229 446 2
38 39 179 527 2
38 40 206 929 1
38 41 313 258 5
38 42 728 200 1
38 43 796 354 4
38 44 150 568 6
38 45 743 256 0
38 46 816 104 4
38 47 966 74 7
38 48 170 138 5
38 49 54 971 3
38 50 179 53 0
39 1 696 982 4
39 2 732 930 2
39 3 753 860 6
39 4 239 959 1
39 5 209 973 6
39 6 148 172 0
39 7 175 512 7
39 8 206 108 3
39 9 262 789 7
39 10 493 436 5
39 11 668 77 4
39 12 900 368 3
39 13 213 168 6
39 14 794 130 2
39 15 13 855 1
39 16 327 890 7
39 17 490 300 7
39 18 613 837 2
39 19 504 958 3
39 20 830 483 3
39 21 953 362 3
39 22 184 647 0
39 23 33 555 5
39 24 477 946 6
39 25 196 82 0
39 26 344 633 7
39 27 283 370 2
39 28 600 438 5
39 29 655 180 3
39 30 351 400 4
39 31 294 946 4
39 32 591 650 7
39 33 706 178 4
39 34 529 751 7
39 35 669 723 4
39 36 185 775 1
39 37 38 885 3
39 38 682 190 3
39 39 851 760 2
39 40 428 261 2
39 41 162 422 1
39 42 351 547 2
39 43 847 462 7
39 44 372 595 2
39 45 247 503 1
39 46 954 255 4
39 47 420 587 0
39 48 114 617 7
39 49 19 593 7
39 50 337 371 1
40 1 645 747 5
40 2 816 483 0
40 3 202 727 1
40 4 81 307 5
40 5 592 991 1
40 6 858 224 6
40 7 323 850 4
40 8 703 763 5
40 9 153 375 4
40 10 639 236 0
40 11 273 238 2
40 12 344 201 0
40 13 371 482 7
40 14 985 146 7
40 15 80 86 2
40 16 387 283 7
40 17 194 651 7
40 18 609 517 1
40 19 426 500 0
40 20 332 770 0
40 21 971 503 6
40 22 78 599 1
40 23 889 852 6
40 24 506 54 7
40 25 663 268 5
40 26 696 82 7
40 27 95 873 2
40 28 122 539 6
40 29 244 524 5
40 30 136 719 5
40 31 500 600 1
40 32 125 555 0
40 33 430 67 7
40 34 819 557 2
40 35 911 693 3
40 36 729 133 1
40 37 278 150 2
40 38 279 349 2
40 39 176 339 1
40 40 140 126 0
40 41 641 341 5
40 42 149 82 6
40 43 908 952 3
40 44 558 111 7
40 45 404 10 5
40 46 24 541 0
40 47 370 455 6
40 48 1000 486 2
40 49 574 931 0
40 50 885 817 2
41 1 605 32 5
41 2 423 792 7
41 3 365 988 2
41 4 580 995 0
41 5 658 710 7
41 6 478 286 5
41 7 829 273 7
41 8 518 550 3
41 9 868 744 1
41 10 892 591 1
41 11 605 539 1
41 12 992 213 0
41 13 621 410 5
41 14 129 663 5
41 15 843 760 4
41 16 495 90 0
41 17 487 621 2
41 18 487 965 2
41 19 467 944 7
41 20 789 446 2
41 21 955 828 5
41 22 247 282 0
41 23 115 286 5
41 24 674 833 6
41 25 233 313 7
41 26 769 240 3
41 27 210 684 5
41 28 246 796 3
41 29 936 640 0
41 30 208 480 0
41 31 602 955 6
41 32 719 44 4
41 33 624 378 4
41 34 886 984 0
41 35 258 721 6
41 36 607 440 6
41 37 653 925 4
41 38 700 36 5
41 39 368 891 4
41 40 976 222 6
41 41 566 793 0
41 42 685 259 3
41 43 783 830 3
41 44 690 163 1
41 45 343 871 3
41 46 181 197 2
41 47 716 73 1
41 48 756 737 3
41 49 155 478 6
41 50 852 883 1
42 1 302 238 1
42 2 74 605 4
42 3 596 198 1
42 4 63 486 5
42 5 719 561 5
42 6 710 80 1
42 7 575 225 6
42 8 816 476 2
42 9 533 447 7
42 10 362 685 0
42 11 267 287 0
42 12 605 152 1
42 13 77 595 1
42 14 534 605 6
42 15 418 185 4
42 16 15 617 4
42 17 874 997 2
42 18 397 511 4
42 19 867 792 5
42 20 356 21 5
42 21 82 252 4
42 22 229 826 7
42 23 310 455 5
42 24 992 239 6
42 25 449 854 3
42 26 878 55 7
42 27 57 198 2
42 28 863 590 5
42 29 889 430 0
42 30 842 586 3
42 31 561 521 7
42 32 383 582 7
42 33 785 990 6
42 34 463 961 3
42 35 844 393 4
42 36 612 924 7
42 37 444 693 4
42 38 850 920 6
42 39 846 577 0
42 40 604 557 6
42 41 509 499 4
42 42 724 339 6
42 43 194 412 5
42 44 228 944 5
42 45 417 291 2
42 46 545 340 1
42 47 275 13 4
42 48 402 741 1
42 49 829 136 7
42 50 135 438 1
43 1 723 672 1
43 2 541 660 7
43 3 849 283 0
43 4 228 291 6
43 5 107 72 2
43 6 435 2 1
43 7 508 556 2
43 8 76 731 3
43 9 195 440 3
43 10 674 665 0
43 11 281 359 0
43 12 714 765 7
43 13 171 453 5
43 14 705 767 2
43 15 378 650 0
43 16 460 538 5
43 17 106 956 0
43 18 367 938 6
43 19 291 156 2
43 20 636 183 6
43 21 847 937 5
43 22 404 457 6
43 23 42 600 2
43 24 325 75 5
43 25 750 864 0
43 26 335 598 4
43 27 44 427 7
43 28 762 593 4
43 29 140 176 5
43 30 472 482 0
43 31 667 714 4
43 32 110 807 6
43 33 685 60 2
43 34 104 760 2
43 35 94 392 6
43 36 951 584 4
43 37 13 436 5
43 38 166 870 3
43 39 792 974 7
43 40 516 150 4
43 41 389 244 6
43 42 92 712 1
43 43 126 564 2
43 44 122 371 7
43 45 337 659 7
43 46 577 222 3
43 47 242 920 7
43 48 210 713 3
43 49 831 264 3
43 50 784 337 2
44 1 340 989 0
44 2 941 671 1
44 3 729 392 4
44 4 321 538 1
44 5 355 998 4
44 6 563 495 7
44 7 701 555 1
44 8 630 715 6
44 9 464 27 2
44 10 680 749 0
44 11 4 200 7
44 12 17 281 2
44 13 859 99 2
44 14 552 554 2
44 15 650 445 6
44 16 573 56 5
44 17 553 859 1
44 18 861 641 1
44 19 45 628 6
44 20 474 937 6
44 21 757 334 2
44 22 535 392 3
44 23 80 323 3
44 24 581 177 2
44 25 430 389 5
44 26 611 3 5
44 27 761 275 7
44 28 56 43 3
44 29 929 66 1
44 30 727 285 4
44 31 202 524 6
44 32 998 89 3
44 33 751 176 4
44 34 894 456 6
44 35 532 407 6
44 36 522 166 1
44 37 441 965 7
44 38 711 390 1
44 39 321 764 0
44 40 265 822 4
44 41 723 755 3
44 42 587 855 4
44 43 819 525 1
44 44 660 121 6
44 45 342 683 0
44 46 567 501 6
44 47 553 755 6
44 48 227 517 2
44 49 738 603 6
44 50 750 902 5
45 1 266 103 7
45 2 711 844 1
45 3 859 490 4
45 4 107 122 0
45 5 372 988 2
45 6 519 973 2
45 7 282 354 1
45 8 214 997 6
45 9 805 116 3
45 10 565 334 1
45 11 454 838 0
45 12 973 334 0
45 13 371 545 1
45 14 130 89 1
45 15 924 341 1
45 16 877 344 5
45 17 649 501 3
45 18 312 254 5
45 19 452 333 5
45 20 217 600 6
45 21 850 835 4
45 22 142 913 4
45 23 181 451 1
45 24 563 536 1
45 25 818 112 5
45 26 322 764 3
45 27 444 346 6
45 28 665 594 2
45 29 834 445 2
45 30 26 503 0
45 31 8 954 7
45 32 130 544 6
45 33 396 71 7
45 34 60 542 4
45 35 945 716 4
45 36 385 659 2
45 37 639 384 2
45 38 31 636 1
45 39 81 316 6
45 40 753 426 5
45 41 413 447 4
45 42 826 46 4
45 43 995 550 4
45 44 10 133 1
45 45 762 430 4
45 46 747 931 5
45 47 874 284 4
45 48 836 881 7
45 49 590 571 3
45 50 522 561 5
46 1 164 190 5
46 2 706 622 4
46 3 335 714 7
46 4 616 138 7
46 5 512 59 4
46 6 944 847 7
46 7 656 832 1
46 8 291 352 3
46 9 421 296 4
46 10 768 361 5
46 11 134 35 1
46 12 379 302 7
46 13 501 880 3
46 14 73 710 7
46 15 971 953 5
46 16 538 65 7
46 17 792 611 2
46 18 162 444 2
46 19 299 719 5
46 20 696 934 7
46 21 469 73 5
46 22 846 865 7
46 23 647 51 1
46 24 156 445 6
46 25 886 769 3
46 26 848 769 5
46 27 536 188 6
46 28 634 365 5
46 29 626 141 7
46 30 201 347 4
46 31 222 32 6
46 32 585 625 1
46 33 353 345 7
46 34 368 71 3
46 35 488 175 7
46 36 717 346 6
46 37 163 700 4
46 38 322 116 5
46 39 805 542 6
46 40 453 734 5
46 41 225 230 3
46 42 666 984 7
46 43 827 951 5
46 44 214 898 7
46 45 663 987 3
46 46 907 585 6
46 47 720 623 2
46 48 992 219 2
46 49 104 567 7
46 50 868 499 7
47 1 431 104 1
47 2 535 26 4
47 3 236 834 5
47 4 828 394 7
47 5 693 625 4
47 6 245 801 6
47 7 696 87 7
47 8 598 754 4
47 9 820 122 0
47 10 23 72 3
47 11 53 992 1
47 12 966 524 3
47 13 62 981 4
47 14 301 524 1
47 15 954 236 4
47 16 877 683 4
47 17 293 290 5
47 18 462 777 7
47 19 661 132 2
47 20 81 639 4
47 21 930 546 4
47 22 763 142 0
47 23 271 634 2
47 24 561 1 2
47 25 100 142 4
47 26 834 666 0
47 27 255 828 5
47 28 985 320 4
47 29 418 169 6
47 30 407 126 5
47 31 49 464 2
47 32 345 970 2
47 33 156 644 7
47 34 559 538 0
47 35 415 912 6
47 36 130 294 3
47 37 86 81 3
47 38 77 235 4
47 39 385 119 7
47 40 548 649 7
47 41 782 833 3
47 42 897 428 5
47 43 800 325 3
47 44 842 702 5
47 45 216 730 4
47 46 533 651 5
47 47 297 720 3
47 48 239 779 7
47 49 7 804 1
47 50 850 671 4
48 1 79 525 5
48 2 630 985 3
48 3 974 899 3
48 4 3 816 6
48 5 64 486 1
48 6 828 67 3
48 7 566 931 7
48 8 832 983 2
48 9 813 291 3
48 10 449 803 0
48 11 498 127 1
48 12 294 216 0
48 13 419 438 3
48 14 71 425 2
48 15 329 346 7
48 16 222 484 3
48 17 350 561 1
48 18 906 884 3
48 19 787 314 7
48 20 235 410 0
48 21 840 971 4
48 22 857 669 5
48 23 23 593 5
48 24 384 736 5
48 25 62 500 3
48 26 101 136 2
48 27 907 574 7
48 28 210 246 5
48 29 940 982 4
48 30 408 102 3
48 31 85 220 3
48 32 561 356 3
48 33 801 453 5
48 34 399 689 3
48 35 305 570 3
48 36 558 844 6
48 37 876 320 1
48 38 947 191 5
48 39 347 468 6
48 40 480 81 5
48 41 720 208 5
48 42 700 426 2
48 43 511 15 2
48 44 766 233 3
48 45 238 721 2
48 46 704 710 0
48 47 542 51 0
48 48 428 345 5
48 49 697 911 5
48 50 99 684 0
49 1 571 132 0
49 2 904 536 2
49 3 415 610 5
49 4 631 918 0
49 5 414 433 6
49 6 133 462 2
49 7 646 518 3
49 8 806 819 1
49 9 247 722 5
49 10 395 789 2
49 11 836 228 0
49 12 206 676 1
49 13 255 643 2
49 14 725 391 6
49 15 755 366 3
49 16 845 23 3
49 17 411 510 3
49 18 875 553 0
49 19 371 698 1
49 20 342 268 5
49 21 66 969 1
49 22 728 656 1
49 23 138 284 2
49 24 163 550 4
49 25 593 36 2
49 26 535 931 7
49 27 689 729 0
49 28 234 635 4
49 29 123 126 3
49 30 66 761 6
49 31 424 265 2
49 32 909 487 2
49 33 566 632 6
49 34 564 363 2
49 35 852 420 2
49 36 77 316 5
49 37 99 522 0
49 38 240 532 3
49 39 831 553 3
49 40 743 782 2
49 41 701 901 6
49 42 681 607 2
49 43 400 924 6
49 44 635 486 0
49 45 445 545 7
49 46 220 801 4
49 47 948 350 6
49 48 449 300 4
49 49 133 120 4
49 50 771 889 4
50 1 141 434 1
50 2 541 546 6
50 3 83 251 7
50 4 51 100 7
50 5 305 397 2
50 6 52 806 3
50 7 768 140 2
50 8 144 677 2
50 9 117 974 4
50 10 367 287 5
50 11 673 844 1
50 12 472 299 6
50 13 810 262 1
50 14 328 587 0
50 15 324 54 1
50 16 598 492 0
50 17 824 882 3
50 18 579 672 6
50 19 654 91 1
50 20 248 267 2
50 21 746 423 1
50 22 23 489 6
50 23 84 520 1
50 24 795 806 6
50 25 442 325 6
50 26 798 99 1
50 27 392 461 2
50 28 606 466 5
50 29 397 439 6
50 30 945 263 6
50 31 894 16 6
50 32 125 570 3
50 33 473 370 2
50 34 16 162 6
50 35 495 730 1
50 36 831 196 5
50 37 702 301 5
50 38 304 562 2
50 39 949 960 0
50 40 970 614 6
50 41 562 456 7
50 42 678 411 3
50 43 223 540 0
50 44 197 225 6
50 45 913 24 1
50 46 372 715 3
50 47 982 621 0
50 48 150 299 4
50 49 467 498 1
50 50 393 449 3